Lambda: 71.128
T0: 283.15
T1: 318.15
c: 377.0
e: 14554.7422649802
experiment_id: 15012
material: bronze aluminum (Cu92 Al8)
mph_name: thermal_design_point_30hz.mph
p: 7900.0
px: 0
py: 0
sizex: 10
sizey: 10
sizez: 10
step: 0.03333333333333333
thickness: 0.3
time: 5
