Lambda: 9.623
T0: 283.15
T1: 318.15
c: 335.0
e: 5677.7680473933
experiment_id: 9012
material: uranium oxide + nb (UO2 80 vol)
mph_name: thermal_design_point_30hz.mph
p: 10000.0
px: 0
py: 0
sizex: 10
sizey: 10
sizez: 10
step: 0.03333333333333333
thickness: 0.3
time: 5
