Lambda: 0.26
T0: 295.15
T1: 306.15
c: 1172.0
e: 696.0637901802
experiment_id: 1645
material: composition c-4 h.e. (rdx 90  binders)
mph_name: thermal_design_point_30hz.mph
p: 1590.0
px: 0
py: 0
sizex: 10
sizey: 10
sizez: 10
step: 0.03333333333333333
thickness: 0.3
time: 5
