Lambda: 0.47021
T0: 283.15
T1: 308.15
c: 4779.0
e: 1164.053931212
experiment_id: 2262
material: ammonia (NH3) (liquid under pressure)   (25 °C, 11 bar)
mph_name: thermal_design_point.mph
p: 603.0
px: 0
py: 0
sizex: 10
sizey: 10
sizez: 10
step: 0.02
thickness: 0.3
time: 5
