Lambda: 18.828
T0: 293.15
T1: 318.15
c: 502.0
e: 8547.590355182
experiment_id: 12012
material: steel stainless hh hl hk (cast)
mph_name: thermal_design_point_30hz.mph
p: 7730.0
px: 0
py: 0
sizex: 10
sizey: 10
sizez: 10
step: 0.03333333333333333
thickness: 0.3
time: 5
