Lambda: 1.506
T0: 293.15
T1: 318.15
c: 2929.0
e: 2572.2773956166
experiment_id: 6012
material: soil clay (wet)
mph_name: thermal_design_point_30hz.mph
p: 1500.0
px: 0
py: 0
sizex: 10
sizey: 10
sizez: 10
step: 0.03333333333333333
thickness: 0.3
time: 5
