Lambda: 0.335
T0: 293.15
T1: 308.15
c: 1464.0
e: 767.1557860044
experiment_id: 197
material: cellulose proprionate (high k)
mph_name: thermal_design_06.mph
p: 1200.0
px: 0
py: 0
sizex: 10
sizey: 10
sizez: 10
step: 0.03333333333333333
thickness: 0.3
time: 5
